[gd_scene load_steps=14 format=2]

[ext_resource path="res://Rooms/Misc/Torch.tscn" type="PackedScene" id=1]
[ext_resource path="res://Assets/Meshes/AztecMesh/aztec_mesh_library.tres" type="MeshLibrary" id=2]
[ext_resource path="res://Rooms/Misc/PotSmall.tscn" type="PackedScene" id=3]
[ext_resource path="res://Assets/Meshes/WeaponPedestal/weapon_pedestal.glb" type="PackedScene" id=4]
[ext_resource path="res://Assets/Meshes/AztecMesh/Skull/Skull_GD.glb" type="PackedScene" id=5]
[ext_resource path="res://Rooms/Procedural Map/initial_room.gd" type="Script" id=6]
[ext_resource path="res://Rooms/Pedestals/PedestalTutorial.tscn" type="PackedScene" id=11]

[sub_resource type="SpatialMaterial" id=1]
albedo_color = Color( 0.435294, 0.439216, 0.388235, 1 )

[sub_resource type="PlaneMesh" id=2]
material = SubResource( 1 )
size = Vector2( 155, 155 )

[sub_resource type="SpatialMaterial" id=3]
albedo_color = Color( 0.435294, 0.439216, 0.388235, 1 )

[sub_resource type="PlaneMesh" id=4]
material = SubResource( 3 )
size = Vector2( 155, 155 )

[sub_resource type="QuadMesh" id=5]
material = SubResource( 1 )
size = Vector2( 60, 60 )

[sub_resource type="QuadMesh" id=6]
material = SubResource( 1 )
size = Vector2( 30, 30 )

[node name="Spatial" type="Spatial"]
script = ExtResource( 6 )

[node name="pivot" type="Spatial" parent="."]
transform = Transform( -4.37114e-08, 0, -1, 0, 1, 0, 1, 0, -4.37114e-08, 0, 0, 0 )

[node name="GridMap" type="GridMap" parent="pivot"]
transform = Transform( 1, 0, 0, 0, 1, 0, 0, 0, 1, 22.5, -15, -22.5 )
mesh_library = ExtResource( 2 )
cell_size = Vector3( 15, 30, 15 )
data = {
"cells": PoolIntArray( 0, 1, 1441796, 65531, 1, 1048582, 65532, 1, 1441796, 65534, 1, 0, 65537, 1, 1441798, 131067, 1, 1048582, 0, 3, 0, 1, 3, 1441798, 65531, 3, 1048582, 65532, 3, 0, 65534, 3, 1441796, 65537, 3, 1441798, 131067, 3, 1048582, 0, 4, 655366, 65532, 4, 655366, 65534, 4, 655366, 65536, 4, 655366, 131068, 4, 655366, 131070, 4, 655366, 0, 65534, 6, 65532, 65534, 6, 65534, 65534, 6, 65536, 65534, 6, 131068, 65534, 6, 131070, 65534, 6, 0, 65535, 0, 1, 65535, 1441798, 65531, 65535, 1048582, 65532, 65535, 0, 65534, 65535, 1441796, 65537, 65535, 1441798, 131067, 65535, 1048582 )
}
__meta__ = {
"_editor_clip_": 0,
"_editor_floor_": Vector3( 0, 0, 0 )
}

[node name="FloorCover" type="MeshInstance" parent="pivot/GridMap"]
transform = Transform( 0.6, 0, 0, 0, 1, 0, 0, 0, 0.6, -20, 15, 20 )
mesh = SubResource( 2 )
material/0 = null

[node name="CeilingCover" type="MeshInstance" parent="pivot/GridMap"]
transform = Transform( 0.75, 0, 0, 0, -1, 1.13247e-07, 0, -1.50996e-07, -0.75, -20, 75, 20 )
mesh = SubResource( 4 )
material/0 = null

[node name="Spatial" type="Spatial" parent="pivot"]

[node name="Torch" parent="pivot/Spatial" instance=ExtResource( 1 )]
transform = Transform( 1.19249e-08, 0, -1, 0, 1, 0, 1, 0, 1.19249e-08, 44, 15, 17 )

[node name="Torch2" parent="pivot/Spatial" instance=ExtResource( 1 )]
transform = Transform( 1.19249e-08, 0, -1, 0, 1, 0, 1, 0, 1.19249e-08, 44, 15, -17 )

[node name="Skull_GD" parent="pivot/Spatial" instance=ExtResource( 5 )]
transform = Transform( 1.19249e-08, -0.707107, -0.707107, 0, 0.707107, -0.707107, 1, 8.43216e-09, 8.43216e-09, 45, 35, 0 )

[node name="Torch" parent="pivot/Spatial/Skull_GD" instance=ExtResource( 1 )]
transform = Transform( -0.406156, 0.10567, 0.907673, 0.739942, 0.620885, 0.258819, -0.536212, 0.776747, -0.330366, -0.179958, -1.4199, -3.81269 )

[node name="Torch2" parent="pivot/Spatial/Skull_GD" instance=ExtResource( 1 )]
transform = Transform( -0.404049, 0.112301, 0.907818, 0.740266, 0.623142, 0.25239, -0.537355, 0.774005, -0.334912, -1.51528, -1.2505, -3.73124 )

[node name="Skull_GD2" parent="pivot/Spatial" instance=ExtResource( 5 )]
transform = Transform( 1.19249e-08, -0.707107, -0.707107, 0, 0.707107, -0.707107, 1, 8.43216e-09, 8.43216e-09, 45, 40, -5 )

[node name="Torch" parent="pivot/Spatial/Skull_GD2" instance=ExtResource( 1 )]
transform = Transform( -0.406156, 0.10567, 0.907673, 0.739942, 0.620885, 0.258819, -0.536212, 0.776747, -0.330366, -0.179958, -1.4199, -3.81269 )

[node name="Torch2" parent="pivot/Spatial/Skull_GD2" instance=ExtResource( 1 )]
transform = Transform( -0.404049, 0.112301, 0.907818, 0.740266, 0.623142, 0.25239, -0.537355, 0.774005, -0.334912, -1.51528, -1.2505, -3.73124 )

[node name="Skull_GD3" parent="pivot/Spatial" instance=ExtResource( 5 )]
transform = Transform( 1.19249e-08, -0.707107, -0.707107, 0, 0.707107, -0.707107, 1, 8.43216e-09, 8.43216e-09, 45, 40, 5 )

[node name="Torch" parent="pivot/Spatial/Skull_GD3" instance=ExtResource( 1 )]
transform = Transform( -0.406156, 0.10567, 0.907673, 0.739942, 0.620885, 0.258819, -0.536212, 0.776747, -0.330366, -0.179958, -1.4199, -3.81269 )

[node name="Torch2" parent="pivot/Spatial/Skull_GD3" instance=ExtResource( 1 )]
transform = Transform( -0.404049, 0.112301, 0.907818, 0.740266, 0.623142, 0.25239, -0.537355, 0.774005, -0.334912, -1.51528, -1.2505, -3.73124 )

[node name="WallCovers" type="Spatial" parent="pivot"]
transform = Transform( 0.75, 0, 0, 0, 1, 0, 0, 0, 1, 0, 0, -50 )

[node name="WallCover" type="MeshInstance" parent="pivot/WallCovers"]
transform = Transform( 1, 0, 0, 0, 1, 0, 0, 0, 1, -48, 30, 0 )
mesh = SubResource( 5 )
material/0 = null

[node name="WallCover2" type="MeshInstance" parent="pivot/WallCovers"]
transform = Transform( 1, 0, 0, 0, 1, 0, 0, 0, 1, 48, 30, 0 )
mesh = SubResource( 5 )
material/0 = null

[node name="WallCover3" type="MeshInstance" parent="pivot/WallCovers"]
transform = Transform( 1, 0, 0, 0, 2, 0, 0, 0, 1, 0, 30, 0 )
mesh = SubResource( 6 )
material/0 = null

[node name="WallCovers2" type="Spatial" parent="pivot"]
transform = Transform( -0.75, 0, -8.74228e-08, 0, 1, 0, 6.55671e-08, 0, -1, 0, 0, 50 )

[node name="WallCover" type="MeshInstance" parent="pivot/WallCovers2"]
transform = Transform( 1, 0, 0, 0, 1, 0, 0, 0, 1, -48, 30, 0 )
mesh = SubResource( 5 )
material/0 = null

[node name="WallCover2" type="MeshInstance" parent="pivot/WallCovers2"]
transform = Transform( 1, 0, 0, 0, 1, 0, 0, 0, 1, 48, 30, 0 )
mesh = SubResource( 5 )
material/0 = null

[node name="WallCover3" type="MeshInstance" parent="pivot/WallCovers2"]
transform = Transform( 1, 0, 0, 0, 2, 0, 0, 0, 1, 0, 30, 0 )
mesh = SubResource( 6 )
material/0 = null

[node name="WallCovers3" type="Spatial" parent="pivot"]
transform = Transform( -3.27835e-08, 0, 1, 0, 1, 0, -0.75, 0, -4.37114e-08, -50, 0, 0 )

[node name="WallCover" type="MeshInstance" parent="pivot/WallCovers3"]
transform = Transform( 1, 0, 0, 0, 1, 0, 0, 0, 1, -48, 30, 0 )
mesh = SubResource( 5 )
material/0 = null

[node name="WallCover2" type="MeshInstance" parent="pivot/WallCovers3"]
transform = Transform( 1, 0, 0, 0, 1, 0, 0, 0, 1, 48, 30, 0 )
mesh = SubResource( 5 )
material/0 = null

[node name="WallCover3" type="MeshInstance" parent="pivot/WallCovers3"]
transform = Transform( 1, 0, 0, 0, 2, 0, 0, 0, 1, 0, 30, 0 )
mesh = SubResource( 6 )
material/0 = null

[node name="WallCovers4" type="Spatial" parent="pivot"]
transform = Transform( -3.27835e-08, 0, -1, 0, 1, 0, 0.75, 0, -4.37114e-08, 46, 0, 0 )

[node name="WallCover" type="MeshInstance" parent="pivot/WallCovers4"]
transform = Transform( 0.9, 0, 0, 0, 1, 0, 0, 0, 1, -48, 30, 0 )
mesh = SubResource( 5 )
material/0 = null

[node name="WallCover2" type="MeshInstance" parent="pivot/WallCovers4"]
transform = Transform( 0.9, 0, 0, 0, 1, 0, 0, 0, 1, 48, 30, 0 )
mesh = SubResource( 5 )
material/0 = null

[node name="WallCover3" type="MeshInstance" parent="pivot/WallCovers4"]
transform = Transform( 1, 0, 0, 0, 1, 0, 0, 0, 1, 0, 45, 0 )
mesh = SubResource( 6 )
material/0 = null

[node name="PotSmall" parent="pivot" instance=ExtResource( 3 )]
transform = Transform( 1, 0, 0, 0, 1, 0, 0, 0, 1, 30, 5, 30 )

[node name="PotSmall2" parent="pivot" instance=ExtResource( 3 )]
transform = Transform( 1, 0, 0, 0, 1, 0, 0, 0, 1, 30, 5, -30 )

[node name="PotSmall3" parent="pivot" instance=ExtResource( 3 )]
transform = Transform( 1, 0, 0, 0, 1, 0, 0, 0, 1, -30, 5, 0 )

[node name="PedestalTutorial" parent="pivot" instance=ExtResource( 11 )]
transform = Transform( -1.5, 0, -1.31134e-07, 0, 1.5, 0, 1.31134e-07, 0, -1.5, 15, 3, 12 )

[node name="weapon_pedestal" parent="." instance=ExtResource( 4 )]
transform = Transform( 1, 0, 0, 0, 1, 0, 0, 0, 1, 30, 2, 0 )
